owner=server
cost=240000
bought=0
X=2349.623046
Y=-1169.250000
Z=28.006000
interior=6
