owner=server
cost=240000
bought=0
X=-2211.177001
Y=722.499023
Z=49.414001
interior=19
gateid=19912
gatex=-2216.528564
gatey=720.369079
gatez=51.112632
gatexr=0.000000
gateyr=0.000000
gatezr=-179.785751
gatemovex=-2220.328857
gatemovey=720.354858
gatemovez=51.112632
gatemovexr=0.000000
gatemoveyr=0.000000
gatemovezr=-179.785751
