owner=server
cost=160000
bought=0
X=2113.879882
Y=-1280.353027
Z=25.687999
interior=5
