owner=server
cost=240000
bought=0
X=2166.116943
Y=-1675.032958
Z=15.086000
interior=4
