owner=server
cost=160000
bought=0
X=-1534.165039
Y=2647.509033
Z=55.835998
interior=22
