owner=server
cost=120000
bought=0
X=2370.073974
Y=2167.454101
Z=10.826999
interior=29
