owner=server
cost=110000
bought=0
X=2236.272949
Y=1290.404052
Z=10.821000
interior=32
