owner=server
cost=130000
bought=0
X=207.764007
Y=-112.633003
Z=1.554000
interior=12
