owner=server
cost=160000
bought=0
X=-370.621002
Y=1166.854980
Z=20.271999
interior=24
