owner=server
cost=110000
bought=0
X=2216.675048
Y=1838.647949
Z=10.821000
interior=30
