owner=server
cost=240000
bought=0
X=891.338012
Y=-1637.980957
Z=14.946000
interior=8
