owner=server
cost=270000
bought=0
X=-2704.136962
Y=819.302001
Z=49.984001
interior=21
