owner=server
cost=130000
bought=0
X=-1043.833007
Y=1554.765991
Z=33.284999
interior=23
