owner=server
cost=130000
bought=0
X=2485.955078
Y=-1997.246948
Z=13.833999
interior=3
