owner=server
cost=270000
bought=0
X=2446.032958
Y=691.937011
Z=11.461000
interior=33
