owner=server
cost=210000
bought=0
X=2806.029052
Y=-1177.572998
Z=25.437999
interior=7
