owner=server
cost=330000
bought=0
X=-2456.718994
Y=-132.328002
Z=26.052999
interior=17
