owner=server
cost=270000
bought=0
X=312.535003
Y=-1771.275024
Z=4.623000
interior=9
