owner=server
cost=160000
bought=0
X=-2075.211914
Y=-2309.962890
Z=31.131000
interior=14
