owner=server
cost=210000
bought=0
X=792.239013
Y=-507.692993
Z=18.013000
interior=11
