owner=server
cost=370000
bought=0
X=1282.599975
Y=2522.495117
Z=10.821000
interior=25
