owner=server
cost=330000
bought=0
X=-2023.333984
Y=-47.081001
Z=35.362998
interior=16
