owner=server
cost=370000
bought=0
X=-2108.801025
Y=902.283020
Z=76.670997
interior=20
