owner=server
cost=210000
bought=0
X=2497.941894
Y=-1686.860961
Z=13.479999
interior=1
