owner=server
cost=160000
bought=0
X=1688.189941
Y=-2100.058105
Z=13.833999
interior=2
