owner=server
cost=110000
bought=0
X=-2419.025878
Y=333.808990
Z=35.179000
interior=18
