owner=server
cost=270000
bought=0
X=926.106994
Y=2007.826049
Z=11.461000
interior=26
