owner=server
cost=100000
bought=0
X=1405.218994
Y=1898.552001
Z=11.461000
interior=27
