owner=server
cost=400000
bought=0
X=-1441.645019
Y=-1543.399047
Z=101.758003
interior=15
