owner=server
cost=120000
bought=0
X=1966.911010
Y=1625.318969
Z=12.847999
interior=31
