owner=server
cost=475000
bought=0
X=1328.238037
Y=-633.156982
Z=109.135002
interior=10
