owner=server
cost=170000
bought=0
X=2238.428955
Y=167.171005
Z=28.153999
interior=13
