owner=server
cost=240000
bought=0
X=2816.915039
Y=2148.187988
Z=10.821000
interior=28
