name=Home of the Bandits
owner=server
cost=4150000
totalp=0
bought=0
X=1478.120727
Y=2249.255615
Z=11.023437
level=1
