name=Barber Shop
owner=server
cost=232000
totalp=0
bought=0
X=420.949005
Y=-82.740997
Z=1001.804992
door=192
level=1
