name=Ten Green Bottles
owner=server
cost=295000
totalp=0
bought=0
X=508.324005
Y=-81.343002
Z=998.960998
door=219
level=1
