name=Jefferson Motel
owner=server
cost=461000
totalp=0
bought=0
X=2224.333984
Y=-1148.521972
Z=1025.796997
door=128
level=1
