name=A-Stage Studios
owner=server
cost=2000000
totalp=0
bought=0
X=915.132141
Y=-1231.701660
Z=16.976562
level=1
