name=Lil' Probe Inn
owner=server
cost=310000
totalp=0
bought=0
X=-220.001998
Y=1405.890991
Z=27.773000
door=204
level=1
