name=Reeces Hair Facial Studio
owner=server
cost=205000
totalp=0
bought=0
X=413.949005
Y=-22.927999
Z=1001.804992
door=190
level=1
