name=Pleasure Domes
owner=server
cost=755000
totalp=0
bought=0
X=-2649.996093
Y=1409.250976
Z=906.273010
door=127
level=1
