name=Atrium
owner=server
cost=510000
totalp=0
bought=0
X=1728.854980
Y=-1668.863037
Z=22.608999
door=123
level=1
