name=Wheel Arch Angels
owner=server
cost=350000
totalp=0
bought=0
X=-2717.052978
Y=197.697998
Z=4.335999
level=1
