name=Barber Shop
owner=server
cost=232000
totalp=0
bought=0
X=412.151000
Y=-49.806999
Z=1001.898010
door=191
level=1
