name=Gaydar Station
owner=server
cost=692000
totalp=0
bought=0
X=474.920013
Y=-15.010000
Z=1003.695007
door=202
level=1
