name=Avispa Country Club
owner=server
cost=692000
totalp=0
bought=0
X=-2720.263916
Y=-318.316009
Z=7.843999
level=1
