name=Allstar Casino
owner=server
cost=2000000
totalp=0
bought=0
X=2597.703369
Y=1897.161499
Z=11.031209
level=1
