name=Inside Track
owner=server
cost=232000
totalp=0
bought=0
X=823.005187
Y=1.873999
Z=1004.179992
door=217
level=1
