name=Tattoos
owner=server
cost=205000
totalp=0
bought=0
X=-201.860000
Y=-26.295999
Z=1002.273010
door=135
level=1
