name=V-Rock
owner=server
cost=2205000
totalp=0
bought=0
X=2632.447021
Y=2350.641113
Z=10.812999
level=1
