name=City Hall
owner=server
cost=5000000
totalp=0
bought=0
X=-2765.299072
Y=375.600891
Z=6.335937
level=1
