name=Otto's Autos
owner=server
cost=510000
totalp=0
bought=0
X=-1663.782958
Y=1210.345947
Z=7.255000
level=1
