name=Emerald Isle
owner=server
cost=755000
totalp=0
bought=0
X=2127.593994
Y=2366.479003
Z=10.819999
level=1
