name=The Sherman Dam
owner=server
cost=5500000
totalp=0
bought=0
X=-955.377136
Y=1948.489379
Z=9.000000
door=129
level=1
