name=Interglobal Television
owner=server
cost=1500000
totalp=0
bought=0
X=647.421020
Y=-1357.327270
Z=13.578131
level=1
