name=Royal Casino
owner=server
cost=2000000
totalp=0
bought=0
X=2089.657470
Y=1514.997070
Z=10.820312
level=1
