name=The Visage
owner=server
cost=890000
totalp=0
bought=0
X=2027.411010
Y=1916.463989
Z=12.336999
level=1
