name=Caligula's Palace
cost=6500000
available=100
X=2235.871582
Y=1632.300292
Z=1008.359375
door=130
