name=Come-A-Lot
owner=server
cost=5750000
totalp=0
bought=0
X=2183.305908
Y=1115.164550
Z=12.648437
level=1
