name=The High Roller
owner=server
cost=945500
totalp=0
bought=0
X=1932.801025
Y=1345.250000
Z=9.968750
level=1
