name=Sindacco Meat Factory
owner=server
cost=755000
totalp=0
bought=0
X=960.963012
Y=2100.059082
Z=1011.026000
door=206
level=1
