name=The Four Dragons
cost=5500000
available=100
X=1979.409790
Y=1017.675720
Z=994.468750
door=131
