name=Redsands Casino
cost=3000000
available=100
X=1130.717651
Y=-1.600931
Z=1000.679687
door=132
