name=The Craw Bar
owner=server
cost=295000
totalp=0
bought=0
X=508.324005
Y=-81.343002
Z=998.960998
door=221
level=1
