name=Gant Bridge
owner=server
cost=715000
totalp=0
bought=0
X=-2664.187988
Y=1251.484985
Z=55.812500
level=1
