name=Sex Shop
owner=server
cost=205000
totalp=0
bought=0
X=-105.600196
Y=-21.205280
Z=1000.718750
door=120
level=1
