name=Zero's RC Shop
owner=server
cost=232000
totalp=0
bought=0
X=-2231.183105
Y=129.733001
Z=1035.413940
door=171
level=1
