name=Dance Club
owner=server
cost=692000
totalp=0
bought=0
X=474.920013
Y=-15.010000
Z=1003.695007
door=203
level=1
