name=Yellow Bell Golf Course
owner=server
cost=500000
totalp=0
bought=0
X=1459.929321
Y=2773.419677
Z=10.820312
level=1
