name=City Hall
owner=server
cost=5000000
totalp=0
bought=0
X=1480.946655
Y=-1768.416259
Z=18.795755
level=1
