X=-31.103231
Y=-91.710029
Z=1003.546875
A=0.000000
I=18
actorX=-28.135000
actorY=-91.709000
actorZ=1003.547000
actorA=0.000000
uniqueid=1
