X=2001.857177
Y=-1761.660522
Z=13.539081
A=0.000000
I=0
linkto=3
type=9
icon=38
uniqueid=14
