X=1298.880371
Y=-796.703735
Z=1084.007812
A=0.000000
I=5
linkto=92
