X=2189.492675
Y=1620.961914
Z=1043.381103
A=0.000000
I=2
linkto=99
usedoor=130
