X=553.828247
Y=475.218627
Z=1207.302001
A=90.000000
I=1
