X=-2040.161621
Y=155.125991
Z=1128.835937
A=90.0
I=1
