X=-1860.559082
Y=31.863183
Z=1055.187011
A=0.000000
I=14
