X=2496.074218
Y=-1692.391357
Z=1014.742187
A=180.000000
I=3
