X=2420.336425
Y=2064.885986
Z=10.820312
A=180.000000
I=0
linkto=43
