X=1219.215332
Y=-1812.003295
Z=16.593750
A=180.000000
I=0
linkto=308
icon=36
