X=1727.644165
Y=-1636.738647
Z=20.217395
A=0.000000
I=0
linkto=23
