X=-2625.298828
Y=1412.300659
Z=7.093750
A=195.000000
I=0
linkto=27
icon=48
