X=-2026.639770
Y=67.130142
Z=28.691593
A=270.000000
I=0
linkto=121
icon=20
