X=1963.616455
Y=972.712219
Z=994.468750
A=28.754440
I=10
linkto=126
