X=2232.991943
Y=-1159.788452
Z=25.890625
A=90.000000
I=0
linkto=28
