X=1699.434204
Y=-1667.255249
Z=20.205984
A=90.000000
I=0
linkto=24
usedoor=123
