X=2233.759033
Y=-1114.961791
Z=1050.882812
A=0.000000
I=5
