X=-594.823486
Y=2018.398681
Z=60.539062
A=331.000000
I=0
linkto=29
