X=1957.871459
Y=909.184875
Z=1193.688659
A=270.000000
I=1
linkto=125
usedoor=131
