X=1087.646240
Y=-922.782348
Z=43.390625
A=180.000000
I=0
linkto=43
