X=-2027.895385
Y=67.219039
Z=1028.774169
A=90.000000
I=1
linkto=122
