X=2196.551757
Y=-1204.413940
Z=1049.023437
A=90.000000
I=6
