X=1976.349121
Y=-2036.679931
Z=13.546875
A=90.000000
I=0
linkto=37
