X=2094.753173
Y=2122.564941
Z=10.820312
A=180.000000
I=0
linkto=37
