X=2068.886230
Y=-1779.886352
Z=13.559623
A=270.000000
I=0
linkto=37
