X=-2491.294433
Y=-38.884059
Z=25.617187
A=90.000000
I=0
linkto=37
