X=1659.201904
Y=2250.341796
Z=11.070102
A=0.000000
I=0
linkto=32
