X=2019.613525
Y=1007.076904
Z=10.820312
A=270.000000
I=0
linkto=31
