X=2196.666503
Y=1676.518798
Z=12.367187
A=90.000000
I=0
linkto=30
