X=2268.217041
Y=1675.796264
Z=94.921875
A=270.000000
I=0
linkto=35
usedoor=33
