X=2268.287109
Y=1619.537475
Z=94.921875
A=270.000000
I=0
linkto=36
usedoor=33
