X=2398.539306
Y=-1898.898193
Z=13.546875
A=0.000000
I=0
linkto=40
icon=14
