X=-2336.562011
Y=-166.771545
Z=35.554687
A=270.000000
I=0
linkto=38
icon=10
