X=2332.111083
Y=75.088165
Z=26.620975
A=270.000000
I=0
linkto=39
type=11
icon=29
