X=928.614196
Y=-1353.020874
Z=13.343750
A=90.000000
I=0
linkto=40
icon=14
