X=202.772369
Y=-202.244445
Z=1.578125
A=180.000000
I=0
linkto=39
type=11
icon=29
