X=2317.929199
Y=-1026.465942
Z=1050.217773
A=0.000000
I=9
