X=1199.305786
Y=-918.439880
Z=43.123134
A=187.000000
I=0
linkto=38
icon=10
