X=-2155.027343
Y=-2460.284423
Z=30.851562
A=231.000000
I=0
linkto=40
icon=14
