X=2420.008789
Y=-1509.683837
Z=24.000000
A=270.000000
I=0
linkto=40
icon=14
