X=810.785705
Y=-1616.203491
Z=13.546875
A=270.000000
I=0
linkto=38
icon=10
