X=1367.262573
Y=248.431030
Z=19.566932
A=66.000000
I=0
linkto=39
type=11
icon=29
