X=2105.187988
Y=-1806.506225
Z=13.554687
A=90.000000
I=0
linkto=39
type=11
icon=29
