X=2169.708251
Y=2795.915283
Z=10.820312
A=270.000000
I=0
linkto=38
icon=10
