X=-2356.119384
Y=1008.134277
Z=50.898437
A=90.000000
I=0
linkto=38
icon=10
