X=-1721.247192
Y=1359.014648
Z=7.185316
A=90.000000
I=0
linkto=39
type=11
icon=29
