X=-1808.511718
Y=945.694580
Z=24.890625
A=225.000000
I=0
linkto=39
type=11
icon=29
