X=-2671.507324
Y=258.234069
Z=4.632812
A=0.000000
I=0
linkto=40
icon=14
