X=172.276443
Y=1177.301391
Z=14.757812
A=145.000000
I=0
linkto=40
icon=14
