X=-1912.227050
Y=828.147766
Z=35.229965
A=318.000000
I=0
linkto=38
icon=10
