X=-1817.298828
Y=618.403381
Z=35.171875
A=180.000000
I=0
linkto=40
icon=14
