X=2259.682617
Y=-1135.947387
Z=1050.640258
A=270.000000
I=10
