X=1158.218627
Y=2072.284423
Z=11.062500
A=270.000000
I=0
linkto=38
icon=10
