X=-1213.634887
Y=1830.597167
Z=41.929687
A=315.000000
I=0
linkto=40
icon=14
