X=2351.918945
Y=2533.322509
Z=10.820312
A=180.000000
I=0
linkto=39
type=11
icon=29
