X=2472.565673
Y=2034.147827
Z=11.062500
A=90.000000
I=0
linkto=38
icon=10
