X=2083.385009
Y=2224.400390
Z=11.023437
A=180.000000
I=0
linkto=39
type=11
icon=29
