X=1872.566772
Y=2071.895019
Z=11.062500
A=270.000000
I=0
linkto=38
icon=10
