X=2638.117431
Y=1672.711914
Z=11.023437
A=90.000000
I=0
linkto=40
icon=14
