X=2367.357910
Y=2071.021484
Z=10.820312
A=90.000000
I=0
linkto=38
icon=10
