X=2365.299560
Y=-1135.298706
Z=1050.882568
A=0.000000
I=8
