X=2838.454833
Y=2407.522705
Z=11.068956
A=225.000000
I=0
linkto=40
icon=14
