X=2393.287353
Y=2041.859008
Z=10.820312
A=0.000000
I=0
linkto=40
icon=14
