X=2102.194091
Y=2228.898437
Z=11.023437
A=270.000000
I=0
linkto=40
icon=14
