X=2638.481201
Y=1849.793212
Z=11.023437
A=90.000000
I=0
linkto=39
type=11
icon=29
