X=499.672393
Y=-1360.364990
Z=16.368946
A=340.000000
I=0
linkto=44
type=12
icon=45
