X=2756.602539
Y=2477.088623
Z=11.062500
A=135.000000
I=0
linkto=39
type=11
icon=29
