X=-2490.168701
Y=-29.139141
Z=25.617187
A=90.000000
I=0
linkto=46
type=12
icon=45
