X=453.937438
Y=-1478.127075
Z=30.815465
A=109.000000
I=0
linkto=48
type=12
icon=45
