X=2244.403564
Y=-1665.258544
Z=15.476562
A=345.000000
I=0
linkto=49
type=12
icon=45
