X=1456.693969
Y=-1137.811645
Z=23.948301
A=220.000000
I=0
linkto=47
icon=45
