X=461.290344
Y=-1500.157470
Z=31.053277
A=99.000000
I=0
linkto=45
type=12
icon=45
