X=2085.432373
Y=2074.090332
Z=11.054687
A=270.000000
I=0
linkto=43
