X=2112.885498
Y=-1211.758544
Z=23.962867
A=180.000000
I=0
linkto=46
type=12
icon=45
