X=-2242.117675
Y=128.516357
Z=35.320312
A=90.000000
I=0
linkto=42
