X=2283.073486
Y=-1139.984741
Z=1050.898437
A=0.000000
I=11
