X=2802.746826
Y=2430.462402
Z=11.062500
A=135.000000
I=0
linkto=45
type=12
icon=45
