X=-1694.778564
Y=951.689331
Z=24.890625
A=135.000000
I=0
linkto=45
type=12
icon=45
