X=-2374.074218
Y=910.187255
Z=45.445312
A=90.000000
I=0
linkto=49
type=12
icon=45
