X=2102.193603
Y=2257.440429
Z=11.023437
A=270.000000
I=0
linkto=49
type=12
icon=45
