X=2779.548583
Y=2453.675048
Z=11.062500
A=135.000000
I=0
linkto=46
type=12
icon=45
