X=-1882.553466
Y=866.365661
Z=35.171875
A=135.000000
I=0
linkto=47
type=12
icon=45
