X=2572.125732
Y=1904.637817
Z=11.023437
A=180.000000
I=0
linkto=47
type=12
icon=45
