X=2090.550781
Y=2224.397949
Z=11.023437
A=180.000000
I=0
linkto=47
type=12
icon=45
