X=2825.917724
Y=2407.298095
Z=11.062500
A=135.000000
I=0
linkto=44
type=12
icon=45
