X=1656.730957
Y=1733.308471
Z=10.828111
A=90.000000
I=0
linkto=49
type=12
icon=45
