X=2218.099609
Y=-1076.254882
Z=1050.484375
A=90.000000
I=1
