X=672.389038
Y=-496.910278
Z=16.335937
A=270.000000
I=0
linkto=52
