X=2724.153564
Y=-2026.633911
Z=13.554687
A=90.000000
I=0
linkto=51
