X=2543.276611
Y=1024.941040
Z=10.820312
A=180.000000
I=0
linkto=54
icon=21
