X=2421.557373
Y=-1219.543457
Z=25.561548
A=180.000000
I=0
linkto=53
icon=21
