X=-1449.918701
Y=2592.202636
Z=55.835937
A=0.000000
I=0
linkto=52
