X=2333.127929
Y=-1077.053466
Z=1049.023437
A=0.000000
I=6
