X=-2571.098632
Y=246.586318
Z=10.452553
A=222.000000
I=0
linkto=52
