X=2506.875976
Y=2120.582763
Z=10.839807
A=0.000000
I=0
linkto=53
icon=21
