X=823.908264
Y=-1588.596313
Z=13.543355
A=140.000000
I=0
linkto=52
