X=2080.403564
Y=2122.560302
Z=10.820312
A=180.000000
I=0
linkto=52
