X=2070.927490
Y=-1793.782958
Z=13.546875
A=270.000000
I=0
linkto=50
