X=-27.397285
Y=-31.451808
Z=1003.557250
A=0.000000
I=4
actorX=-30.881000
actorY=-31.115000
actorZ=1003.557000
actorA=0.000000
uniqueid=2
