X=-2270.343994
Y=-155.887649
Z=35.320312
A=270.000000
I=0
linkto=61
icon=54
