X=-2026.649536
Y=-101.765914
Z=35.164062
A=0.000000
I=0
linkto=59
