X=2507.376953
Y=1242.558105
Z=10.826969
A=0.000000
I=0
linkto=55
icon=48
