X=-89.330772
Y=1378.415283
Z=10.469839
A=280.000000
I=0
linkto=56
