X=2229.739013
Y=-1721.525756
Z=13.561895
A=135.000000
I=0
linkto=60
icon=54
