X=1836.739746
Y=-1681.784301
Z=13.322805
A=90.000000
I=0
linkto=55
icon=48
