X=2270.119140
Y=-1210.527709
Z=1047.562500
A=90.000000
I=10
