X=693.666625
Y=1967.377075
Z=5.539062
A=180.000000
I=0
linkto=54
icon=21
