X=966.558288
Y=2160.655517
Z=10.820312
A=270.000000
I=0
linkto=58
