X=-2551.292236
Y=194.429229
Z=6.226562
A=106.000000
I=0
linkto=55
icon=48
