X=443.146118
Y=509.309509
Z=1001.419494
A=270.000000
I=12
