X=1288.890869
Y=271.170196
Z=19.554687
A=246.000000
I=0
linkto=215
