X=834.467651
Y=7.419341
Z=1004.187011
A=90.000000
I=3
