X=-1605.562744
Y=710.715148
Z=13.867187
A=0.000000
I=0
linkto=63
