X=2287.150634
Y=2432.066894
Z=10.820312
A=180.000000
I=0
linkto=65
