X=1555.200805
Y=-1674.925415
Z=16.195312
A=90.000000
I=0
linkto=64
