X=502.051833
Y=-67.771202
Z=998.757812
A=180.000000
I=11
type=5
