X=2310.003173
Y=-1643.734497
Z=14.827047
A=135.000000
I=0
linkto=216
icon=49
