X=2308.770019
Y=-1212.637329
Z=1049.023437
A=0.000000
I=6
