X=1631.901489
Y=-1172.727905
Z=24.084280
A=360.000000
I=0
linkto=215
