X=1968.808715
Y=2295.569091
Z=16.455863
A=135.000000
I=0
linkto=62
icon=54
