X=2337.185791
Y=2459.012695
Z=14.974175
A=180.000000
I=0
linkto=66
usedoor=213
