X=226.487808
Y=1239.938598
Z=1082.140625
A=90.000000
I=2
