X=390.469848
Y=173.779296
Z=1008.382812
A=90.000000
I=3
