X=422.271636
Y=2536.530273
Z=10.000000
A=90.000000
I=10
