X=1964.057006
Y=-349.932495
Z=1092.945434
A=180.000000
I=1
