X=-2242.343261
Y=-88.259559
Z=35.320312
A=90.000000
I=0
linkto=216
icon=49
