X=-1989.598876
Y=1117.908935
Z=54.468750
A=270.000000
I=0
linkto=226
