X=2237.536376
Y=-1081.344970
Z=1049.023437
A=0.000000
I=2
