X=2441.196533
Y=2065.284667
Z=10.820312
A=180.000000
I=0
linkto=216
icon=49
