X=447.028106
Y=1397.363525
Z=1084.304687
A=0.000000
I=2
