X=423.551757
Y=2536.526123
Z=16.148437
A=270.000000
I=0
linkto=222
