X=2412.807861
Y=1123.897583
Z=10.820312
A=270.000000
I=0
linkto=223
