X=221.840759
Y=1140.494262
Z=1082.609375
A=0.000000
I=4
