X=491.133148
Y=1398.801025
Z=1080.257812
A=0.000000
I=2
