X=1726.260375
Y=-1638.365844
Z=20.223052
A=180.000000
I=18
linkto=123
