X=261.005615
Y=1284.594726
Z=1080.257812
A=0.000000
I=4
