X=234.145538
Y=1064.024536
Z=1084.212280
A=0.000000
I=6
