X=140.258697
Y=1366.221923
Z=1083.859375
A=0.000000
I=5
