X=328.015472
Y=1478.025756
Z=1084.437500
A=0.000000
I=15
