X=260.756439
Y=1237.532104
Z=1084.257812
A=0.000000
I=9
