X=24.003776
Y=1340.459106
Z=1084.375000
A=0.000000
I=10
