X=376.855529
Y=1417.288940
Z=1081.328125
A=90.000000
I=15
