X=226.595520
Y=1114.324951
Z=1080.992919
A=270.000000
I=5
