X=1093.879394
Y=-806.839843
Z=107.419380
A=9.000000
I=0
linkto=271
icon=17
