X=1940.304565
Y=-2116.032714
Z=13.695312
A=270.000000
I=0
linkto=43
