X=1701.066894
Y=-1668.570800
Z=20.218750
A=270.000000
I=18
linkto=124
