X=1672.836669
Y=1447.886962
Z=10.788096
A=270.000000
I=0
linkto=246
type=6
