X=1685.702026
Y=-2335.198242
Z=13.546875
A=0.000000
I=0
linkto=246
type=6
