X=2065.176025
Y=-1146.140747
Z=1101.012207
A=0.000000
I=1
type=1
