X=-1421.325561
Y=-287.234863
Z=14.148437
A=139.000000
I=0
linkto=246
type=6
