X=-42.653205
Y=1405.772827
Z=1084.429687
A=0.000000
I=8
