X=225.775695
Y=1021.744506
Z=1084.017700
A=0.000000
I=7
