X=295.125640
Y=1472.557373
Z=1080.257812
A=0.000000
I=15
