X=386.926177
Y=1471.684814
Z=1080.194946
A=90.000000
I=15
