X=1951.675659
Y=-1821.330444
Z=1058.541259
A=90.000000
I=1
type=2
