X=2270.974365
Y=2293.517333
Z=10.820312
A=180.000000
I=0
linkto=250
type=3
icon=52
uniqueid=3
