X=-1481.005615
Y=2591.963378
Z=55.835937
A=0.000000
I=0
linkto=250
type=3
icon=52
uniqueid=6
