X=2474.611328
Y=1023.953063
Z=10.820312
A=180.000000
I=0
linkto=250
type=3
icon=52
uniqueid=4
