X=-227.376358
Y=2711.652343
Z=62.976562
A=180.000000
I=0
linkto=250
type=3
icon=52
uniqueid=5
