X=-828.132629
Y=1504.299438
Z=19.852985
A=180.000000
I=0
linkto=250
type=3
icon=52
uniqueid=0
