X=2464.148681
Y=2244.848632
Z=10.820312
A=180.000000
I=0
linkto=250
type=3
icon=52
uniqueid=2
