X=2352.633789
Y=-1180.924194
Z=1027.976562
A=90.000000
I=5
