X=-1704.265502
Y=785.758666
Z=25.735408
A=90.000000
I=0
linkto=250
type=3
icon=52
uniqueid=8
