X=-179.487289
Y=1133.131225
Z=19.742187
A=90.000000
I=0
linkto=250
type=3
icon=52
uniqueid=1
