X=-2720.336425
Y=127.693977
Z=7.039062
A=270.000000
I=0
linkto=250
type=3
icon=52
uniqueid=7
