X=1222.289062
Y=244.013671
Z=19.546894
A=246.000000
I=0
linkto=250
type=3
icon=52
uniqueid=13
