X=1234.824951
Y=-1158.048339
Z=23.540943
A=0.000000
I=0
linkto=250
type=3
icon=52
uniqueid=10
