X=-2660.994873
Y=1417.698364
Z=922.195312
A=180.000000
I=3
linkto=272
type=5
