X=593.505676
Y=-1250.679077
Z=18.253257
A=20.000000
I=0
linkto=250
type=3
icon=52
uniqueid=14
