X=1333.536010
Y=-1864.098876
Z=13.546875
A=338.000000
I=0
linkto=250
type=3
icon=52
uniqueid=11
