X=2860.992675
Y=-1407.644531
Z=11.738203
A=270.000000
I=0
linkto=250
type=3
icon=52
uniqueid=12
