X=1731.165527
Y=-1181.148193
Z=23.840583
A=35.000000
I=0
linkto=250
type=3
icon=52
uniqueid=9
