X=801.061096
Y=-545.810607
Z=16.335937
A=90.000000
I=0
linkto=250
type=3
icon=52
uniqueid=16
