X=-2115.142822
Y=-2324.342285
Z=30.625000
A=235.000000
I=0
linkto=250
type=3
icon=52
uniqueid=17
