X=2807.726806
Y=-1174.442504
Z=1025.570312
A=0.000000
I=8
