X=273.472259
Y=-195.508377
Z=1.570451
A=270.000000
I=0
linkto=250
type=3
icon=52
uniqueid=15
