X=2193.331787
Y=-1147.465478
Z=1033.796875
A=0.000000
I=15
linkto=278
