X=-2661.466552
Y=1424.352905
Z=23.898437
A=15.000000
I=0
linkto=269
usedoor=127
