X=-2637.440673
Y=1402.538818
Z=906.460937
A=0.000000
I=3
linkto=127
type=5
