X=460.256927
Y=-88.633399
Z=999.559997
A=90.000000
I=4
type=4
