X=1402.340454
Y=285.909637
Z=19.554687
A=157.000000
I=0
linkto=312
icon=17
