X=2193.104492
Y=-1151.561279
Z=33.524044
A=180.000000
I=0
linkto=275
usedoor=128
