X=2324.426269
Y=-1149.338378
Z=1050.710083
A=0.000000
I=12
