X=459.016296
Y=-111.076644
Z=999.535339
A=0.000000
I=5
type=4
