X=142.157730
Y=-181.013793
Z=1.578125
A=90.000000
I=0
linkto=271
icon=17
