X=2303.277587
Y=-61.391517
Z=26.484375
A=90.000000
I=0
linkto=270
icon=17
