X=-2178.002929
Y=-2307.780517
Z=30.625000
A=321.300000
I=0
linkto=270
icon=17
