X=-310.992553
Y=1303.508789
Z=53.664344
A=270.000000
I=0
linkto=312
icon=17
