X=-314.358795
Y=1774.629272
Z=43.640625
A=128.000000
I=0
linkto=270
icon=17
