X=-2156.205566
Y=645.420654
Z=52.367187
A=270.000000
I=0
linkto=283
