X=-1941.838500
Y=2379.512207
Z=49.703125
A=291.000000
I=0
linkto=271
icon=17
