X=-857.916503
Y=1535.699584
Z=22.587043
A=323.000000
I=0
linkto=271
icon=17
