X=2214.691406
Y=-1150.534179
Z=1025.796875
A=270.000000
I=15
linkto=128
