X=-187.647109
Y=1210.413940
Z=19.705781
A=180.000000
I=0
linkto=271
icon=17
