X=293.041656
Y=-195.472610
Z=1.778619
A=90.000000
I=0
linkto=312
icon=17
