X=816.064270
Y=-1584.750854
Z=13.554450
A=159.000000
I=0
linkto=270
icon=17
