X=-2158.635253
Y=642.842346
Z=1052.375000
A=180.000000
I=1
