X=-254.849914
Y=2603.257568
Z=62.858154
A=270.000000
I=0
linkto=271
icon=17
