X=2468.543457
Y=-1698.292114
Z=1013.507812
A=90.000000
I=2
