X=-794.962463
Y=489.580963
Z=1376.195312
A=0.000000
I=1
