X=2292.282470
Y=-1722.986450
Z=13.546875
A=180.000000
I=0
linkto=270
icon=17
