X=2119.130126
Y=-2274.628906
Z=1120.671875
A=315.000000
I=1
