X=1376.994995
Y=2327.964599
Z=10.820312
A=270.000000
I=0
linkto=271
icon=17
