X=-2240.632080
Y=577.745239
Z=35.171875
A=180.000000
I=0
linkto=271
icon=17
