X=-959.652893
Y=1954.439086
Z=9.000000
A=180.000000
I=17
