X=-2524.206787
Y=1216.183105
Z=37.672218
A=270.000000
I=0
linkto=270
icon=17
