X=934.320190
Y=-1260.740600
Z=959.382080
A=90.000000
I=1
