X=2056.452148
Y=2485.951416
Z=11.078125
A=180.000000
I=0
linkto=270
icon=17
