X=1557.887207
Y=990.643981
Z=10.820312
A=270.000000
I=0
linkto=312
icon=17
