X=-26.683488
Y=-57.969005
Z=1003.546875
A=0.000000
I=6
actorX=-23.519000
actorY=-57.625000
actorZ=1003.547000
actorA=0.000000
uniqueid=3
