X=-2767.572021
Y=788.813049
Z=52.781250
A=270.000000
I=0
linkto=41
