X=2540.366113
Y=-1304.014038
Z=34.944999
A=90.000000
I=0
linkto=301
