X=1494.435424
Y=1303.878295
Z=1093.289062
A=0.000000
I=3
