X=-2442.669677
Y=755.118469
Z=35.171875
A=180.000000
I=0
linkto=306
type=9
icon=38
uniqueid=15
