X=627.265014
Y=-571.801574
Z=17.920680
A=270.000000
linkto=64
