X=1038.167480
Y=-1340.427856
Z=13.745054
A=0.000000
I=0
linkto=41
