X=2541.843994
Y=-1303.993164
Z=1025.070312
A=270.000000
I=2
linkto=302
