X=-25.900032
Y=-141.256744
Z=1003.546875
A=0.000000
I=16
actorX=-22.122000
actorY=-140.585000
actorZ=1003.547000
actorA=0.000000
uniqueid=4
