X=2233.972656
Y=1714.384765
Z=1012.382812
A=180.000000
I=1
linkto=130
