X=-205.887145
Y=1062.224487
Z=19.742187
A=270.000000
I=0
linkto=312
icon=17
