X=-144.034011
Y=1224.918090
Z=19.899219
A=180.000000
I=0
linkto=41
