X=2524.389404
Y=-1679.355346
Z=1015.498596
A=270.000000
I=1
