X=2019.057128
Y=1017.141479
Z=996.875000
A=90.000000
I=10
linkto=131
