X=441.936492
Y=-49.847335
Z=999.700927
A=180.000000
I=6
type=4
