X=681.614013
Y=-473.646026
Z=16.536296
A=180.000000
I=0
linkto=313
icon=17
