X=2861.441162
Y=-1440.106567
Z=10.937500
A=270.000000
I=0
linkto=312
icon=17
