X=2156.072021
Y=1597.950317
Z=999.968383
A=270.000000
I=1
linkto=33
usedoor=130
