X=681.541503
Y=-446.688934
Z=-25.609762
A=180.000000
I=1
linkto=314
type=4
