X=-53.894527
Y=1189.043945
Z=19.359375
A=0.000000
I=0
linkto=270
icon=17
