X=292.921752
Y=309.975311
Z=999.152160
A=90.000000
I=3
