X=386.874420
Y=-1817.880126
Z=7.840961
A=90.000000
I=0
linkto=270
icon=17
