X=1133.140869
Y=-15.532431
Z=1000.679687
A=0.000000
I=12
