X=2135.998291
Y=1599.534301
Z=1008.356018
A=270.000000
I=1
linkto=34
