X=2266.190429
Y=1647.533203
Z=1084.234375
A=270.000000
I=1
linkto=317
usedoor=130
