X=2264.701660
Y=1675.817504
Z=1090.445312
A=270.000000
I=1
linkto=133
