X=2264.707275
Y=1619.564697
Z=1090.445312
A=270.000000
I=1
linkto=134
