X=-204.383728
Y=-27.046785
Z=1002.273437
A=0.000000
I=16
