X=363.129272
Y=-74.995491
Z=1001.507812
A=315.000000
I=10
shopname=FDBURG
