X=372.385314
Y=-133.218292
Z=1001.492187
A=0.000000
I=5
shopname=FDPIZA
