X=286.175537
Y=-41.504375
Z=1001.515625
A=0.000000
I=1
shopname=AMMUN1
actorX=296.506000
actorY=-40.350000
actorZ=1000.540000
actorA=0.000000
uniqueid=1
