X=365.626373
Y=-11.544353
Z=1001.851562
A=0.000000
I=9
shopname=FDCHICK
