X=377.130340
Y=-193.006027
Z=1000.632812
A=0.000000
I=17
type=7
