X=-2240.474609
Y=137.176910
Z=1035.414062
A=270.000000
I=6
