X=-100.416481
Y=-24.736774
Z=1000.718750
A=0.000000
I=3
