X=207.004898
Y=-140.073013
Z=1003.507812
A=0.000000
I=3
