X=227.259170
Y=-7.514879
Z=1002.210937
A=90.000000
I=5
