X=203.768127
Y=-50.360813
Z=1001.804687
A=0.000000
I=1
