X=161.382705
Y=-96.796897
Z=1001.804687
A=0.000000
I=18
