X=204.299118
Y=-168.560379
Z=1000.523437
A=0.000000
I=14
