X=207.660156
Y=-110.964645
Z=1005.132812
A=0.000000
I=15
