X=285.787292
Y=-86.421119
Z=1001.522888
A=0.000000
I=4
shopname=AMMUN2
actorX=295.741000
actorY=-82.661000
actorZ=1000.527000
actorA=0.000000
uniqueid=2
