X=411.656433
Y=-22.865356
Z=1001.804687
A=0.000000
I=2
