X=412.028015
Y=-54.145378
Z=1001.898437
A=0.000000
I=12
