X=418.628173
Y=-84.062942
Z=1001.804687
A=0.000000
I=3
