X=1204.901611
Y=-13.546433
Z=1000.921875
A=0.000000
I=2
type=5
