X=1212.147094
Y=-26.186655
Z=1000.953125
A=180.000000
I=3
type=5
