X=493.389892
Y=-24.567974
Z=1000.679687
A=0.000000
I=17
type=5
