X=-228.990249
Y=1401.281860
Z=27.765625
A=270.000000
I=18
type=5
