X=318.638397
Y=1114.780883
Z=1083.882812
A=0.000000
I=5
