X=965.001159
Y=2159.377197
Z=1011.030273
A=90.000000
I=1
