X=-2027.007080
Y=-103.902999
Z=1035.182983
A=145.000000
I=3
