X=296.896392
Y=-111.769401
Z=1001.515625
A=0.000000
I=6
shopname=AMMUN3
actorX=290.242000
actorY=-111.690000
actorZ=1000.538000
actorA=0.000000
uniqueid=3
