X=772.300415
Y=-5.216382
Z=1000.728454
A=0.000000
I=5
