X=774.159729
Y=-50.175441
Z=1000.585937
A=0.000000
I=6
