X=773.900146
Y=-78.536140
Z=1000.662780
A=0.000000
I=7
