X=246.416809
Y=107.602722
Z=1003.218750
A=0.000000
I=10
