X=246.839599
Y=62.621273
Z=1003.640625
A=0.000000
I=6
