X=238.707397
Y=138.947387
Z=1003.023437
A=0.000000
I=3
linkto=213
