X=288.787597
Y=167.291244
Z=1007.171875
A=0.000000
I=3
linkto=214
