X=1833.481811
Y=-1843.293090
Z=13.578125
A=90.000000
I=0
linkto=1
type=9
icon=38
uniqueid=1
