X=1315.502319
Y=-897.986450
Z=39.578125
A=180.000000
I=0
linkto=1
type=9
icon=38
uniqueid=2
