X=1000.302612
Y=-920.000915
Z=42.328125
A=100.000000
I=0
linkto=2
type=9
icon=38
uniqueid=3
