X=315.761749
Y=-143.361755
Z=999.601562
A=0.000000
I=7
shopname=AMMUN4
actorX=308.148000
actorY=-143.286000
actorZ=998.611000
actorA=0.000000
uniqueid=4
