X=1352.399658
Y=-1758.952880
Z=13.507812
A=0.000000
I=0
linkto=3
type=9
icon=38
uniqueid=4
