X=-1562.381835
Y=-2733.230712
Z=48.743457
A=235.000000
I=0
linkto=3
type=9
icon=38
uniqueid=5
