X=-181.032226
Y=1034.883911
Z=19.742187
A=90.000000
I=0
linkto=3
type=9
icon=38
uniqueid=6
