X=1937.614902
Y=2307.325683
Z=10.820312
A=90.000000
I=0
linkto=3
type=9
icon=38
uniqueid=7
