X=2097.629638
Y=2224.395263
Z=11.023437
A=180.000000
I=0
linkto=3
type=9
icon=38
uniqueid=8
