X=2194.639648
Y=1991.011718
Z=12.296875
A=90.000000
I=0
linkto=3
type=9
icon=38
uniqueid=9
