X=2884.824707
Y=2453.892333
Z=11.068956
A=225.000000
I=0
linkto=1
type=9
icon=38
uniqueid=10
