X=2247.631835
Y=2396.472900
Z=10.820312
A=0.000000
I=0
linkto=3
type=9
icon=38
uniqueid=11
