X=2452.546142
Y=2064.885742
Z=10.820312
A=180.000000
I=0
linkto=3
type=9
icon=38
uniqueid=12
