X=2546.570556
Y=1972.363647
Z=10.820312
A=180.000000
I=0
linkto=1
type=9
icon=38
uniqueid=13
