X=316.388793
Y=-169.996948
Z=999.593750
A=0.000000
I=6
shopname=AMMUN5
actorX=312.791000
actorY=-168.131000
actorZ=998.611000
actorA=0.000000
uniqueid=5
