X=2400.541748
Y=-1981.694824
Z=13.546875
A=0.000000
I=0
linkto=6
type=8
icon=6
uniqueid=1
