X=1368.698120
Y=-1279.219726
Z=13.546875
A=90.000000
I=0
linkto=7
type=8
icon=6
uniqueid=2
