X=2333.391113
Y=61.647312
Z=26.705789
A=270.000000
I=0
linkto=5
type=8
icon=6
uniqueid=3
