X=242.994079
Y=-178.410400
Z=1.582162
A=90.000000
I=0
linkto=5
type=8
icon=6
uniqueid=4
