X=-2093.568359
Y=-2464.635498
Z=30.625000
A=321.000000
I=0
linkto=6
type=8
icon=6
uniqueid=5
