X=-2625.892333
Y=208.536895
Z=4.812500
A=0.000000
I=0
linkto=4
type=8
icon=6
uniqueid=6
