X=-1508.910400
Y=2610.397460
Z=55.835937
A=180.000000
I=0
linkto=8
type=8
icon=6
uniqueid=7
