X=-315.859283
Y=829.895629
Z=14.242187
A=270.000000
I=0
linkto=6
type=8
icon=6
uniqueid=8
