X=777.025817
Y=1871.420654
Z=4.906705
A=270.000000
I=0
linkto=8
type=8
icon=6
uniqueid=9
