X=2539.241455
Y=2083.920898
Z=10.820312
A=90.000000
I=0
linkto=5
type=8
icon=6
uniqueid=10
