X=1260.955444
Y=-785.445373
Z=1091.906250
A=270.000000
I=5
linkto=91
