X=2159.244384
Y=943.255615
Z=10.820312
A=90.000000
I=0
linkto=5
type=8
icon=6
uniqueid=11
