X=1259.333618
Y=-785.406188
Z=92.031250
A=90.000000
I=0
linkto=9
