X=1298.539916
Y=-798.292297
Z=84.140625
A=180.000000
I=0
linkto=10
