X=-2482.327148
Y=2406.552490
Z=17.109375
A=120.080200
I=0
linkto=226
