X=1742.457031
Y=-1357.746948
Z=1030.684570
A=270.000000
I=1
