X=2034.083984
Y=-1401.969970
Z=17.293952
A=180.000000
I=0
linkto=94
type=10
hospital=1
