X=1172.378540
Y=-1325.326538
Z=15.407346
A=270.000000
I=0
linkto=94
type=10
hospital=2
