X=-2655.078369
Y=639.865417
Z=14.454549
A=180.000000
I=0
linkto=94
type=10
hospital=3
