X=1583.748168
Y=1769.045532
Z=10.820312
A=90.000000
I=0
linkto=94
type=10
hospital=4
