X=2270.958496
Y=1637.653808
Z=1008.359375
A=180.000000
I=1
linkto=100
