propid=23
X=1965.339599
Y=1622.485473
Z=12.866446
A=270.160278
propdoor=12
