propid=33
X=2351.937744
Y=-1170.365478
Z=28.074691
A=0.074035
propdoor=13
