propid=32
X=2166.147705
Y=-1671.404541
Z=15.073158
A=225.120422
propdoor=15
