propid=29
X=2226.965576
Y=1837.908203
Z=10.820312
A=89.991912
propdoor=8
