propid=15
X=-2454.893066
Y=-135.904953
Z=26.191268
A=90.145111
propdoor=10
