propid=10
X=206.775772
Y=-112.364097
Z=4.896471
A=89.999969
propdoor=5
