propid=27
X=2374.779541
Y=2167.989501
Z=10.824052
A=133.208923
propdoor=12
