propid=8
X=315.857177
Y=-1769.730346
Z=4.622356
A=180.000000
propdoor=6
