propid=22
X=-369.579223
Y=1169.320434
Z=20.271875
A=227.963989
propdoor=9
