propid=18
X=-2213.659912
Y=721.075256
Z=49.406250
A=359.928649
propdoor=11
