propid=6
X=1332.032104
Y=-633.206481
Z=109.134902
A=18.727691
propdoor=3
