propid=26
X=1274.251220
Y=2522.519531
Z=10.820312
A=270.043243
propdoor=4
