propid=16
X=-2425.966796
Y=337.902313
Z=36.992187
A=239.919860
propdoor=2
