propid=4
X=2808.069580
Y=-1176.216430
Z=25.380290
A=180.000000
propdoor=14
