propid=3
X=2495.386962
Y=-1690.840087
Z=14.765625
A=0.191802
propdoor=1
