propid=5
X=2111.283203
Y=-1279.276245
Z=25.835937
A=180.000000
propdoor=7
