propid=24
X=1407.923706
Y=1897.072021
Z=11.460937
A=89.921661
propdoor=6
