propid=19
X=-2099.556884
Y=897.657165
Z=76.710937
A=359.928649
propdoor=3
