propid=30
X=2238.749755
Y=1284.946166
Z=10.820312
A=90.062133
propdoor=8
