propid=31
X=2448.926757
Y=689.798095
Z=11.460937
A=90.062072
propdoor=6
