propid=20
X=-1532.842041
Y=2656.631347
Z=56.281360
A=90.072662
propdoor=9
