propid=13
X=-2075.948486
Y=-2312.551757
Z=31.131250
A=53.122238
propdoor=9
