propid=17
X=-2700.345703
Y=820.563781
Z=49.984375
A=180.000000
propdoor=11
