propid=14
X=-2027.791992
Y=-40.904682
Z=38.804687
A=180.071319
propdoor=3
