propid=1
X=2483.447998
Y=-1995.642700
Z=13.834323
A=180.065612
propdoor=7
