propid=28
X=2818.827636
Y=2140.840576
Z=14.661464
A=270.136871
propdoor=11
