propid=7
X=893.718200
Y=-1635.998046
Z=14.929687
A=180.000000
propdoor=6
