propid=25
X=928.764587
Y=2006.398925
Z=11.460937
A=89.898315
propdoor=6
