propid=9
X=795.207214
Y=-506.448059
Z=18.012922
A=180.000000
propdoor=9
