propid=11
X=2236.499023
Y=168.003585
Z=28.153549
A=180.000000
propdoor=9
