propid=2
X=1684.793579
Y=-2098.454833
Z=13.834323
A=180.000000
propdoor=7
