propid=21
X=-1051.510864
Y=1549.834838
Z=33.437610
A=220.107177
propdoor=9
