propid=12
X=-1438.664428
Y=-1544.536132
Z=102.257812
A=0.167861
propdoor=9
